0 0.439445 0.456400 0.013734 0.060141
0 0.453711 0.370000 0.007672 0.027153
0 0.441172 0.372729 0.006813 0.029694
0 0.460539 0.341094 0.009328 0.022565
0 0.433297 0.353753 0.009500 0.058471
0 0.479891 0.412459 0.011969 0.035412
0 0.468938 0.342012 0.010125 0.037529
0 0.464820 0.476741 0.008141 0.043600
1 0.373555 0.417541 0.026359 0.038047
1 0.400648 0.391906 0.023859 0.032612
1 0.401406 0.424329 0.026719 0.029929
1 0.505578 0.353647 0.013781 0.042259
1 0.015938 0.387894 0.012313 0.031176
0 0.456891 0.434682 0.016656 0.072329
1 0.026258 0.384153 0.013672 0.028824
1 0.336484 0.224812 0.011906 0.017341
3 0.664539 0.201200 0.007109 0.021176