2 0.084523 0.554833 0.013516 0.109125
0 0.751047 0.558906 0.076344 0.208229
2 0.111313 0.552094 0.011125 0.109063
1 0.851406 0.887656 0.042281 0.065687
2 0.116430 0.319969 0.014984 0.108979
2 0.101656 0.317635 0.011813 0.115479
2 0.097266 0.553021 0.015875 0.106792
2 0.121102 0.549135 0.012859 0.100687
2 0.127836 0.320323 0.011672 0.107646
2 0.092680 0.319771 0.023453 0.116625
2 0.135711 0.549958 0.016984 0.109750
1 0.894805 0.895813 0.042828 0.073833
1 0.813461 0.886781 0.035516 0.060396
1 0.981258 0.895844 0.037484 0.062771
1 0.771914 0.881635 0.038047 0.071813
1 0.858164 0.814271 0.014547 0.009875
1 0.878039 0.837854 0.035828 0.015708
1 0.843086 0.845604 0.010203 0.009208
1 0.858266 0.851823 0.040969 0.022146
1 0.534977 0.682312 0.042516 0.075333
1 0.938523 0.897094 0.048422 0.071687
1 0.945398 0.855281 0.045016 0.016979
1 0.960344 0.819375 0.032656 0.022042
1 0.903227 0.856281 0.042547 0.022688
1 0.914492 0.841802 0.032453 0.012771