0 0.131156 0.271475 0.024719 0.059204
0 0.080641 0.270152 0.016313 0.042787
3 0.931844 0.976429 0.049094 0.047143
2 0.821875 0.649461 0.056875 0.031710
2 0.817773 0.700504 0.067422 0.034684
2 0.817500 0.686405 0.065375 0.034169
2 0.829922 0.569133 0.038500 0.014660
2 0.826266 0.482482 0.066469 0.023841
2 0.815563 0.663103 0.054688 0.038478
0 0.387023 0.708173 0.034422 0.047869
2 0.819992 0.506417 0.082891 0.028993
2 0.815438 0.678958 0.065562 0.029251
2 0.827555 0.579930 0.033453 0.009040
2 0.827430 0.399883 0.064984 0.012319
2 0.828078 0.409859 0.074187 0.015082
2 0.814609 0.768349 0.057750 0.081288
2 0.832031 0.482436 0.110937 0.496487