2 0.166156 0.720070 0.044646 0.079672
2 0.175167 0.719352 0.052333 0.078016
2 0.119792 0.832563 0.023333 0.079594
2 0.132135 0.726742 0.026354 0.084266
2 0.295208 0.693234 0.108125 0.073594
2 0.793104 0.416875 0.051417 0.028500
2 0.852208 0.430758 0.043167 0.019078
2 0.104719 0.736563 0.027771 0.089656
2 0.145365 0.725070 0.031896 0.081078
2 0.180708 0.715297 0.052625 0.071375
2 0.197073 0.711164 0.068521 0.074266
2 0.133594 0.829664 0.028479 0.083453
2 0.125313 0.830063 0.028375 0.085656
2 0.178125 0.717969 0.164583 0.110937