0 0.598602 0.199068 0.020609 0.074338
0 0.723398 0.191838 0.018047 0.053641
1 0.661555 0.388397 0.019547 0.043136
0 0.707164 0.188171 0.015922 0.044843
0 0.689477 0.191664 0.019797 0.042526
0 0.654070 0.206742 0.018672 0.058362
0 0.635813 0.207221 0.017719 0.059634
0 0.616016 0.199843 0.016188 0.075087
0 0.581656 0.203746 0.016531 0.066411
0 0.512289 0.200932 0.018234 0.072073
0 0.493875 0.202936 0.019281 0.066463
0 0.546523 0.202456 0.015953 0.071115
0 0.401250 0.260113 0.021531 0.066951
1 0.616219 0.385671 0.017531 0.054686
1 0.181414 0.519190 0.019672 0.068972