1 0.553516 0.764229 0.049250 0.112757
1 0.524383 0.694381 0.043109 0.069416
1 0.618523 0.951028 0.063422 0.097944
1 0.329766 0.870292 0.032156 0.119556
1 0.423258 0.667745 0.042703 0.057360
1 0.454297 0.545070 0.019187 0.047383
1 0.525016 0.526939 0.032563 0.042850
1 0.404078 0.615596 0.038406 0.099369
1 0.489289 0.641612 0.044797 0.078551
1 0.540055 0.511787 0.029078 0.057593
1 0.477742 0.570479 0.033266 0.053995
1 0.435344 0.492208 0.023438 0.035023
1 0.532086 0.472360 0.022141 0.032477
1 0.477344 0.553738 0.170313 0.285047