2 0.673930 0.556104 0.005766 0.051667
2 0.732719 0.563240 0.003406 0.056146
2 0.661438 0.817302 0.006844 0.053479
2 0.727922 0.564479 0.005187 0.055333
2 0.682453 0.620417 0.053125 0.068500
2 0.681266 0.761917 0.007500 0.062083
2 0.695422 0.837812 0.017438 0.063917
2 0.699461 0.557187 0.007672 0.058708
2 0.687461 0.688906 0.004359 0.050979
2 0.677453 0.762708 0.054781 0.087292
2 0.681641 0.829000 0.013531 0.056833
2 0.751156 0.648385 0.003188 0.041979
2 0.752805 0.568812 0.006859 0.063917
2 0.714844 0.712500 0.154688 0.387500