0 0.336594 0.763337 0.057469 0.255105
1 0.535383 0.662763 0.038828 0.065293
1 0.244570 0.572763 0.033922 0.064262
1 0.320398 0.545878 0.034328 0.062670
1 0.706937 0.821499 0.044938 0.098454
1 0.031258 0.696827 0.046141 0.077869
1 0.077570 0.662904 0.045234 0.081171
1 0.618023 0.827681 0.048641 0.096721
1 0.750672 0.643326 0.069594 0.145527
1 0.279875 0.572892 0.035375 0.065269
1 0.249266 0.500164 0.034344 0.062670
1 0.029430 0.640035 0.043266 0.049438
1 0.649570 0.781956 0.045516 0.085269
1 0.613828 0.916862 0.076406 0.164731
1 0.446875 0.510539 0.862500 0.974239