0 0.015156 0.265604 0.015375 0.057083
0 0.085164 0.283510 0.007766 0.047604
0 0.047141 0.279521 0.008188 0.039833
0 0.074703 0.279750 0.012094 0.042917
0 0.096312 0.279979 0.014656 0.045875
0 0.116336 0.281531 0.007859 0.049729
0 0.057656 0.278073 0.005875 0.045104
0 0.029375 0.274427 0.010937 0.040354
0 0.065016 0.278240 0.011000 0.043979
0 0.109078 0.279156 0.010312 0.048813
0 0.151086 0.281271 0.009047 0.049417
0 0.158945 0.285333 0.012484 0.047792
0 0.135625 0.283052 0.013969 0.050854
0 0.091406 0.280208 0.129688 0.060417