1 0.357000 0.834251 0.039250 0.055293
1 0.444961 0.758314 0.023109 0.059204
1 0.327531 0.817377 0.031781 0.071475
1 0.525102 0.760468 0.026484 0.088337
1 0.315766 0.785562 0.030250 0.066159
0 0.381727 0.779906 0.017297 0.096253
0 0.542719 0.771030 0.016031 0.095457
0 0.461656 0.770468 0.018531 0.057143
1 0.507930 0.776066 0.036016 0.060375
1 0.430773 0.726206 0.028328 0.034660
1 0.563164 0.809684 0.032922 0.053232
1 0.396008 0.792201 0.016453 0.062623
1 0.368063 0.730574 0.031125 0.030328
1 0.531734 0.826311 0.049438 0.049391
1 0.399219 0.740831 0.026344 0.047845
1 0.353250 0.783501 0.032438 0.040585
1 0.381703 0.736206 0.009156 0.013583
1 0.451562 0.777518 0.228125 0.117096